 85 165 10 211 0 0 0 0 0  
0 0 0 85 165 10 211 0 0 0 0 0  

0 0 0 85 165 10 211 0 0 0 0 0  

0 0 0 85 165 10 211 0 7 0 1 5  

231 0 0 85 165 10 211 0 0 0 0 0 
 
0 0 0 85 165 10 211 0 0 0 0 0  

0 0 0 85 165 10 211 0 0 0 0 0  

0 0 0 85 165 10 211 0 11 0 1 28 
 
243 0 0 85 165 10 211 0 11 0 1 0
  
0 0 0 10 0 1 0 0 0 0 226 85  
165 10 211 85 165 10 211 0 11 0 
1 10  
203 0 0 85 165 10 211 0 9 0 1 17
  
234 0 0 85 165 10 211 0 13 0 1 0
  
0 0 0 85 165 10 211 0 15 0 1 4  

127 0 0585 165 10 211 0 14 0 1 1
9  
141 0 0 85 165 10 211 0 13 0 1 0
  
0 0 0 85 165 10 211 0 22 0 1 7  

98 0 0 85 165 10 211 0 6 0 1 0  

0 0 0 85 165 10 211 0 0 0 0 0  

0 0 0 85 165 10 211 0 0 0 0 0  

0 0 0 85 165 10 211 0 0 0 0 0  

0 0 0 77 85 165 10 211 0 19 0 1 
 
